<?xml version="1.0"?>
<opencv_storage>
<CameraMatrix type_id="opencv-matrix">
  <rows>3</rows>
  <cols>3</cols>
  <dt>f</dt>
  <data>
    4.88170197e+02 0. 3.29084900e+02 0. 4.90857330e+02 2.24790192e+02 0.
    0. 1.</data></CameraMatrix>
<DistortionCoeffs type_id="opencv-matrix">
  <rows>1</rows>
  <cols>5</cols>
  <dt>f</dt>
  <data>
    -3.59721363e-01 1.77756846e-01 8.47432180e-04 -3.80205688e-06
    -5.13726585e-02</data></DistortionCoeffs>
<Rotation type_id="opencv-matrix">
  <rows>3</rows>
  <cols>1</cols>
  <dt>d</dt>
  <data>
    -1.6193554184417642e+00 2.0262402276410799e-02
    2.1624215055399073e-02</data></Rotation>
<Translation type_id="opencv-matrix">
  <rows>3</rows>
  <cols>1</cols>
  <dt>d</dt>
  <data>
    -1.9438354782459544e+02 1.9051086407667672e+03
    4.5259948471121634e+03</data></Translation>
</opencv_storage>
