<?xml version="1.0"?>
<opencv_storage>
<CameraMatrix type_id="opencv-matrix">
  <rows>3</rows>
  <cols>3</cols>
  <dt>f</dt>
  <data>
    4.91795929e+02 0. 3.18612610e+02 0. 4.90151794e+02 2.39025299e+02 0.
    0. 1.</data></CameraMatrix>
<DistortionCoeffs type_id="opencv-matrix">
  <rows>1</rows>
  <cols>5</cols>
  <dt>f</dt>
  <data>
    -3.56171161e-01 1.56813025e-01 2.34516529e-06 5.87335031e-04
    -3.06820143e-02</data></DistortionCoeffs>
<Rotation type_id="opencv-matrix">
  <rows>3</rows>
  <cols>1</cols>
  <dt>d</dt>
  <data>
    -1.0218401380194830e+00 -1.2653503535586370e+00
    -1.4542255973125513e+00</data></Rotation>
<Translation type_id="opencv-matrix">
  <rows>3</rows>
  <cols>1</cols>
  <dt>d</dt>
  <data>
    -8.9607962999940435e+02 1.6840439926442466e+03
    3.5961175790668303e+03</data></Translation>
</opencv_storage>
