<?xml version="1.0"?>
<opencv_storage>
<CameraMatrix type_id="opencv-matrix">
  <rows>3</rows>
  <cols>3</cols>
  <dt>f</dt>
  <data>
    4.90756439e+02 0. 3.34690674e+02 0. 4.93263580e+02 2.22398880e+02 0.
    0. 1.</data></CameraMatrix>
<DistortionCoeffs type_id="opencv-matrix">
  <rows>1</rows>
  <cols>5</cols>
  <dt>f</dt>
  <data>
    -3.68704915e-01 2.03186616e-01 3.26540467e-04 1.78072587e-05
    -7.12014362e-02</data></DistortionCoeffs>
<Rotation type_id="opencv-matrix">
  <rows>3</rows>
  <cols>1</cols>
  <dt>d</dt>
  <data>
    -1.3729877816020433e+00 4.9613357894194315e-01
    6.1391054843037529e-01</data></Rotation>
<Translation type_id="opencv-matrix">
  <rows>3</rows>
  <cols>1</cols>
  <dt>d</dt>
  <data>
    2.8902691777857865e+02 1.0080364772390549e+03 5.8363675632258164e+03</data></Translation>
</opencv_storage>
