<opencv_storage>
<CameraMatrix type_id="opencv-matrix">
  <rows>3</rows>
  <cols>3</cols>
  <dt>f</dt>
  <data>392.288344338314 0.0 260.9559649345442
0.0 522.9569244927329 237.30898818100027
0.0 0.0 1.0</data>
</CameraMatrix>
<DistortionCoeffs type_id="opencv-matrix">
  <rows>5</rows>
  <cols>1</cols>
  <dt>f</dt>
  <data>-0.37003552371343124 0.19778839176256813 -0.0024435523456921575 -0.0006733260465140514 -0.060832831129369054</data>
</DistortionCoeffs>
</opencv_storage>