<?xml version="1.0"?>
<opencv_storage>
<CameraMatrix type_id="opencv-matrix">
  <rows>3</rows>
  <cols>3</cols>
  <dt>f</dt>
  <data>
    4.84008057e+02 0. 3.47555878e+02 0. 4.86783051e+02 2.41225525e+02 0.
    0. 1.</data></CameraMatrix>
<DistortionCoeffs type_id="opencv-matrix">
  <rows>1</rows>
  <cols>5</cols>
  <dt>f</dt>
  <data>
    -3.67111504e-01 1.92137033e-01 -2.20581744e-04 -2.75500189e-03
    -6.24416731e-02</data></DistortionCoeffs>
<Rotation type_id="opencv-matrix">
  <rows>3</rows>
  <cols>1</cols>
  <dt>d</dt>
  <data>
    -1.3853849815114987e+00 -6.1448877598946494e-01
    -7.1440239980579667e-01</data></Rotation>
<Translation type_id="opencv-matrix">
  <rows>3</rows>
  <cols>1</cols>
  <dt>d</dt>
  <data>
    -1.1262275057340362e+03 1.1889307530389340e+03
    5.1431850096129438e+03</data></Translation>
</opencv_storage>
