<opencv_storage>
<CameraMatrix type_id="opencv-matrix">
  <rows>3</rows>
  <cols>3</cols>
  <dt>f</dt>
  <data>377.78250165793617 0.0 265.1539497325993
0.0 503.8536717675291 249.5675076661512
0.0 0.0 1.0</data>
</CameraMatrix>
<DistortionCoeffs type_id="opencv-matrix">
  <rows>5</rows>
  <cols>1</cols>
  <dt>f</dt>
  <data>-0.38087296554555616 0.23540475657360058 -0.0003121715503466255 -0.0008052619223968044 -0.09541950806203178</data>
</DistortionCoeffs>
</opencv_storage>